-100 -100 -100 -100 -100 -100 -100 -100 -100
-100 -100 -100 -100 -100 -100 -100 -100 -100
-100 -100 -100 -100 -100 -100 -100 -100 -100
-100 -100 -100 -100 -100 -99.6963 -100 -100 -80.0517
-100 -90.863 -12.6733 -100 -100 -100 -100 -71.0937 -100
-12.1395 -7.86224 -44.2444 31.6193 79.6543 31.9593 -24.9511 -20.7342 -3.79608
-100 -100 -100 -100 -100 -100 -100 -100 -100
-100 -100 -100 -100 -100 -99.718 -100 -100 -100
-87.211 40.4908 -70.1845 -72.057 -68.1878 -89.2783 -104.041 -82.0674 -93.3482
-97.0929 -84.9265 -61.2 -98.3431 -9.96462 -70.4848 149.413 -92.2471 -96.361
11.5026 -28.3029 -5.98281 -37.5979 13.5779 -98.3151 204.518 14.6958 -31.1001
-80.2247 -84.8518 -93.0176 -74.1737 -93.8322 16.6763 -99.947 -75.8757 -88.5155
111.537 -61.3642 -93.185 -100 -79.3181 -91.9001 -88.256 -91.2365 -23.8005
14.7104 -49.5881 -13.8722 -2.18102 197.436 23.7167 45.9677 -1.80328 -17.0763
51.7244 20.3179 32.7256 45.9199 51.0689 91.2321 51.8715 56.2461 20.3328
-100 -100 -100 -100 -100 -100 -100 -100 -100
-100 -100 -100 -100 -100 -100 -100 -100 -100
-106.392 -0.921543 -97.6468 -90.4337 -104.231 -102.122 -103.596 -105.924 -107.439
-100 -100 -100 -100 -100 -100 -100 -100 -100
-100 -100 -100 -100 -100 -100 -100 -100 -100
-100 -100 -100 -100 -100 -100 -100 -100 -100
-100 -100 -100 -100 -100 -100 -100 -100 -100
-100 -100 -100 -100 -100 -100 -100 -100 -100
-100 -100 -100 -100 -100 -100 -100 -100 -100
-100 -100 -100 -100 -100 -100 -100 -100 -100
-100 -100 -100 -100 -100 -100 -100 -100 -100
-100 -100 -100 -100 -100 -106.241 -104.154 -100 -100
-100 -100 -100 -100 -100 -100 -100 -98.908 -100
-100 -100 -100 -100 -100 -100 -100 -100 -100
-100 -100 -100 -100 -100 -100 -100 -100 -100
-100 -100 -100 -100 -100 -100 -100 -100 -100
-100 -100 -100 -100 -100 -100 -100 -100 -100
-100 -100 -100 51.1003 -85.2457 -84.6377 -100 -100 -100
-100 -100 -100 -100 -100 -100 -100 -100 -100
-100 -100 -100 -100 -100 -100 -100 -100 -100
-100 -102.937 -100 -100 -100 -95.9059 -100 -5.21226 -100
-68.9018 -64.3955 -38.7031 -85.5546 -76.7729 -26.0864 -39.6312 204.619 -58.6632
56.6718 -5.12121 28.4972 56.2191 67.0841 80.4511 207.766 94.6796 28.1459
-100.751 -100 -100.756 -100.697 -96.1601 -100 -84.5269 -95.8176 20.3536
-73.5726 -54.3741 155.636 -47.9182 -74.8455 -88.3127 -94.0332 -79.4288 -24.5978
96.1083 63.2877 108.849 117.946 189.589 118.95 132.178 134.98 74.0914
52.9786 56.4988 65.156 64.9149 66.1295 51.2457 81.7214 54.2349 24.9072
-100 -100 -100 -100 -100 -100 -100 -100 -100
-100 -100 -100 -100 -100 -100 -100 -100 -100
-100 -17.1471 -105.731 -98.3237 -101.617 -100 -87.0417 -101 -93.3754
-100 -100 -100 -100 -100 -100 -100 -100 -100
-100 -100 -100 -100 -100 -100 -100 -100 -100
-100 -100 -100 -100 -100 -100 -100 -100 -100
-100 -100 -100 -100 -100 -100 -100 -100 -100
-100 -100 -100 -100 -100 -100 -100 -100 -100
-100 -100 -100 -100 -74.0586 -100 -100 -100 -100
-100 -100 -100 -100 -100 -100 -100 -100 -100
-100 -100 -100 -100 -100 -100 -100 -100 -100
-100 -100 -100 -50.6033 -100 -100 -103.557 -111.252 -100
-100 -100 -100 -100 -100 -100 -100 -100 -100
-100 -100 -100 -100 -100 -100 -100 -100 -100
-100 -100 -100 -100 -100 -100 -100 -100 -100
-100 -100 -100 -100 -100 -100 -100 -100 -100
-100 -100 -100 -100 -100 -100 -100 -100 -100
-31.0624 -84.6929 -89.0682 -100 -100 -93.4946 -100 -100 -84.1935
-100 -100 -100 -100 -100 -100 -100 -100 -100
-100 -100 -100 -100 -100 -100 -100 -100 -100
-96.1118 -100.422 -100 -27.0679 -100 -96.4459 -95.9019 -106.471 -95.4568
-71.2746 -95.3236 -39.3245 -87.8596 -100 -34.283 -80.4127 -72.4315 101.349
8.25416 -25.3098 18.1206 -14.4463 179.661 -32.7427 -54.0046 -8.52097 -16.7681
-82.0923 -75.2059 -95.1415 -80.5288 -93.5273 -78.4422 41.1061 -65.4147 -87.7913
-98.2939 -100 -100 -99.8632 -100 -93.8556 -100 -100 -52.3247
-11.9544 -37.1251 -21.8147 -30.1057 -16.0635 -54.1606 -7.37642 206.669 2.49633
6.71471 34.0517 18.114 25.6779 36.1805 84.9208 11.5343 12.5985 16.179
-100 -100 -100 -100 -100 -100 -100 -100 -100
-100 -100 -100 -100 -100 -100 -100 -100 -100
-4.45784 -25.3964 -26.5319 58.1104 -27.0318 -23.5532 -58.1465 -52.8933 -63.2969
-100 -100 -100 -100 -100 -100 -100 -100 -100
-100 -100 -100 -100 -100 -100 -100 -100 -100
-100 -100 -100 -100 -100 -100 -100 -100 -100
-100 -100 -95.2926 -100 -100 -100 -100 -100 -100
-100 -100 -100 -100 -100 -100 -100 -100 -100
-84.1167 -100 -86.5905 53.3128 -100 -100 -100 -98.8574 -100
-100 -100 -100 -100 -100 -100 -100 -100 -100
-100 -100 -90.7463 -100 -100 -100 -100 -100 -98.8931
38.5282 -60.9092 -57.3257 -27.1716 -38.7973 -29.4639 -63.612 -67.5296 -32.0078
